1 0.8890625 0.171875 0.0578125 0.11796875
1 0.74453125 0.17421875 0.03203125 0.084375
1 0.61796875 0.18125 0.04375 0.11171875
1 0.4734375 0.18203125 0.0578125 0.1390625
0 0.79453125 0.18359375 0.05078125 0.10703125
1 0.9671875 0.19765625 0.02578125 0.06796875
0 0.25 0.20234375 0.053125 0.11640625
1 0.5296875 0.20625 0.05078125 0.12890625
0 0.2046875 0.21484375 0.0484375 0.12109375
1 0.0765625 0.21640625 0.0578125 0.12890625
1 0.67734375 0.221875 0.03671875 0.078125
1 0.30234375 0.22734375 0.05625 0.11796875