0 0.97265625 0.38046875 0.05078125 0.10703125
0 0.63203125 0.39453125 0.071875 0.1203125
0 0.43671875 0.3984375 0.03203125 0.05703125
0 0.59375 0.41015625 0.0375 0.0703125
0 0.23828125 0.41640625 0.05390625 0.07890625
0 0.1375 0.43046875 0.0296875 0.053125
0 0.8390625 0.43359375 0.053125 0.09765625
0 0.19296875 0.4359375 0.0390625 0.0640625
0 0.88984375 0.44921875 0.034375 0.0671875
0 0.72109375 0.359375 0.0578125 0.08984375
0 0.48828125 0.36640625 0.0390625 0.09765625
0 0.35078125 0.37109375 0.0625 0.1265625