1 0.12890625 0.0546875 0.03203125 0.090625
0 0.3375 0.0625 0.02578125 0.0953125
0 0.0953125 0.06640625 0.05546875 0.09453125
0 0.31484375 0.07578125 0.0625 0.11328125
0 0.27890625 0.08046875 0.0234375 0.065625
0 0.47734375 0.10234375 0.06015625 0.11875
0 0.434375 0.11953125 0.02734375 0.065625
0 0.39140625 0.12265625 0.0234375 0.04296875
0 0.62890625 0.12890625 0.05625 0.11328125
0 0.54140625 0.1359375 0.02578125 0.0703125
0 0.57265625 0.14921875 0.025 0.0578125
0 0.71328125 0.1625 0.028125 0.065625
0 0.78359375 0.165625 0.0234375 0.0625
0 0.678125 0.1671875 0.025 0.065625
0 0.81875 0.18203125 0.0609375 0.1234375
0 0.9234375 0.184375 0.034375 0.0703125
0 0.8859375 0.18984375 0.021875 0.0578125
0 0.97421875 0.20625 0.03515625 0.08125