0 0.50234375 0.4703125 0.0953125 0.16640625
0 0.7328125 0.04921875 0.0328125 0.075
0 0.36484375 0.06875 0.03671875 0.075
0 0.96875 0.0765625 0.0328125 0.09140625
0 0.60546875 0.08203125 0.0484375 0.078125
0 0.9328125 0.0828125 0.0390625 0.08359375
0 0.24921875 0.89921875 0.15234375 0.19296875
0 0.040625 0.09375 0.0375 0.08671875
0 0.190625 0.0984375 0.05390625 0.11484375
0 0.66796875 0.10625 0.0484375 0.08203125
0 0.72578125 0.12578125 0.0578125 0.09765625
0 0.45546875 0.13203125 0.0453125 0.08671875
0 0.53046875 0.1703125 0.0796875 0.12890625
0 0.11328125 0.1828125 0.04375 0.10546875
0 0.9515625 0.2109375 0.071875 0.12890625
0 0.4390625 0.22578125 0.0609375 0.125
0 0.346875 0.025 0.040625 0.05
0 0.6265625 0.025 0.0375 0.05
0 0.73828125 0.23359375 0.0640625 0.1015625
0 0.196875 0.2328125 0.07578125 0.11015625
0 0.3453125 0.27890625 0.0796875 0.125
0 0.6625 0.29921875 0.084375 0.1515625
0 0.03125 0.0296875 0.03125 0.059375
0 0.88046875 0.0296875 0.0359375 0.059375
0 0.39765625 0.0359375 0.0453125 0.071875
0 0.065625 0.34609375 0.08828125 0.13984375
0 0.84375 0.375 0.08203125 0.14453125