0 0.7515625 0.41640625 0.02734375 0.059375
0 0.68984375 0.50234375 0.0296875 0.0625
0 0.2890625 0.50859375 0.040625 0.07421875
1 0.1625 0.53671875 0.05078125 0.059375
1 0.49296875 0.54375 0.025 0.053125
0 0.30234375 0.6140625 0.05625 0.0796875
0 0.6734375 0.0859375 0.01953125 0.03671875
1 0.23984375 0.23359375 0.02734375 0.05859375
0 0.62890625 0.2375 0.02734375 0.0515625
0 0.1359375 0.2484375 0.021875 0.04453125
0 0.3609375 0.2953125 0.025 0.0515625
1 0.4734375 0.36328125 0.04296875 0.0734375
0 0.63984375 0.365625 0.025 0.0625
0 0.1171875 0.36640625 0.02734375 0.05078125
1 0.20390625 0.37109375 0.0328125 0.059375